7490.19146
356.80460
367.97635
379.87940
387.73666
402.65561
405.93569
7490.19146
359.54097
366.54611
381.80291
379.33075
393.78887
451.95553
7490.19146
400.01515
363.20984
430.25895
385.59003
398.29108
404.71747
7490.19146
352.56293
367.56799
385.93187
384.59930
397.99067
409.73913
7490.19146
384.06851
381.58435
394.28794
398.41502
409.26430
416.95792
7490.19146
451.62800
433.88939
431.85760
477.29741
444.61201
447.61452
7490.19146
1261.07659
1142.95320
1068.54255
1084.86604
1040.71675
1049.91100