Point Name,X,Y,Z,LAT
P2,12.0374,20.7012,174.288,1
P3,4.05048,23.6731,168.202,10
P4,-3.73439,25.3513,161.39,22
P5,-11.1408,26.0873,154.003,36
P6,11.46,24.4557,165.18,7
P7,0.0487174,27.2995,159.123,19
P8,-8.99909,28.2158,153.922,32
P9,-17.9645,27.6673,148.528,-158
P10,-26.4861,25.9982,142.658,-164
P11,34.2408,55.6169,172.337,-22
P12,23.06,48.6006,173.225,-6
P13,14.2002,43.1704,172.223,5
P14,6.0299,37.7335,168.721,15
P15,-1.2778,32.9737,162.987,19
P16,35.9644,59.0748,170.556,17
P17,25.1197,51.8544,172.79,10
P18,16.1729,46.4888,173.054,7
P19,7.66833,41.0343,170.579,16
P20,0.0348713,36.0118,165.542,23
P21,35.2602,57.2352,173.425,23
P22,24.5616,49.9939,176.247,10
P23,15.671,44.5788,176.806,3
P24,7.12471,39.1529,174.44,4
P25,-0.698653,34.3244,169.502,19
P26,35.1038,57.1544,164.7,-25
P27,30.4709,49.7703,174.553,-14
P28,25.429,42.4227,179.77,-6
P29,18.8688,34.6715,180.755,-10000
P30,11.7265,28.4424,176.931,-10000
P31,28.3424,58.2122,166.517,8
P32,27.8235,52.1285,178.133,-8
P33,25.5966,44.7927,184.99,-27
P34,21.4635,35.9104,187.812,-19
P35,16.123,27.4678,185.697,-17
P36,29.9443,56.6773,167.599,25
P37,29.7868,51.6327,179.721,9
P38,28.2055,44.6502,187.057,-8
P39,24.5702,35.6969,190.163,-12
P40,19.5391,27.0634,188.123,-12
P41,29.8318,53.5733,168.95,24
P42,29.6629,49.0217,181.255,8
P43,27.9941,42.3324,188.838,-9
P44,24.3765,33.4795,192.215,-13
P45,19.6488,24.651,190.295,-18
P46,28.0881,56.7285,167.886,24
P47,27.4449,52.4576,180.268,7
P48,25.94,45.7507,187.894,-8
P49,23.0534,36.685,191.546,-13
P50,19.0643,27.3702,190.238,-12
P51,28.5731,55.5969,168.376,23
P52,27.4257,51.6192,180.815,5
P53,25.5921,45.0021,188.428,-8
P54,22.7203,35.8808,191.951,-13
P55,19.169,26.3886,190.529,-13
P56,28.9631,54.9624,168.636,13
P57,28.1582,49.9096,180.697,6
P58,27.1237,42.6162,187.867,-10
P59,25.4303,33.044,191.017,-16
P60,23.1957,23.155,189.42,-18
P61,27.4877,53.4968,170.777,21
P62,25.799,48.7597,182.88,4
P63,24.09,41.5952,190.005,-11
P64,21.9529,32.0348,192.754,-17
P65,19.931,22.2871,190.397,-20
P66,26.7997,54.1495,170.471,23
P67,25.2213,49.4472,182.606,5
P68,23.7019,42.3339,189.833,-9
P69,21.7411,32.78,192.704,-15
P70,19.6396,23.0575,190.375,-19
P71,-15.4395,64.7942,166.495,29
P72,-6.03852,66.9841,175.249,18
P73,3.24321,66.0585,179.618,13
P74,12.0252,61.3649,181.324,5
P75,16.6682,52.5178,180.956,-1
P76,-14.2839,72.3333,156.107,-10000
P77,-7.97213,74.1369,167.228,42
P78,-2.3372,70.6481,174.927,29
P79,4.91727,64.3579,178.196,19
P80,12.4225,57.639,176.419,13
P81,-14.537,76.3686,156.52,-10000
P82,-9.03225,78.1684,168.074,39
P83,-4.9285,74.7975,176.743,28
P84,0.790439,67.8645,181.308,19
P85,7.54393,60.3559,180.336,10
P86,-12.8123,77.7095,155.429,-10000
P87,-6.33416,79.4037,166.595,-10000
P88,-1.42751,76.3574,175.02,28
P89,4.22945,69.4469,179.741,18
P90,9.97118,61.0826,179.037,9
P91,-15.2179,76.4891,156.172,-10000
P92,-6.4438,75.8389,165.839,39
P93,-0.0952252,71.2134,172.455,24
P94,5.34177,63.2771,175.985,15
P95,9.27899,53.7692,175.666,9
P96,-14.4005,66.0962,159.123,37
P97,-5.82626,58.8106,165.802,-111
P98,-0.234614,50.5197,168.396,33
P99,3.56403,40.9271,167.797,-3
P100,5.27952,31.2369,164.451,22
P101,-13.874,57.6978,167.142,-65
P102,-4.47433,48.7138,168.413,-64
P103,0.625034,39.9869,166.352,-60
P104,2.49225,30.64,162.325,-49
P105,1.1185,21.2889,157.989,-25
P106,-11.4904,48.2184,170.612,-31
P107,-3.14982,38.5614,167.712,-5
P108,0.927246,30.2041,163.12,2
P109,1.95973,22.2332,156.629,21
P110,-0.36604,15.8583,148.875,-165
P111,-12.1674,49.4128,170.058,-16
P112,-3.72155,39.6697,167.861,11
P113,0.348629,31.2388,163.465,18
P114,1.20786,23.2749,156.966,25
P115,-1.4072,16.9466,149.271,-10000
P116,-14.4155,49.4745,171.454,-27
P117,-5.66287,40.0075,169.241,-8
P118,-1.36257,31.7098,164.817,8
P119,-0.261435,23.7023,158.371,16
P120,-2.31059,16.9119,150.815,-10000
P121,-11.0037,44.3567,171.894,16
P122,-2.89248,35.1645,167.268,25
P123,0.849633,27.5247,161.33,31
P124,1.52853,20.0935,154.132,36
P125,-1.05096,13.4365,146.608,26
P126,-23.1465,31.5975,171.783,-26
P127,-12.5533,27.784,165.087,-5
P128,-6.70427,23.5441,157.651,7
P129,-4.08975,18.083,149.289,-10000
P130,-5.54808,11.9019,141.219,-150
P131,-22.3503,26.2962,175.275,-47
P132,-11.5994,23.3193,168.402,-40
P133,-5.46187,19.8342,160.783,-27
P134,-2.11286,15.2295,152.11,-10000
P135,-2.06405,9.71487,143.357,-10000
P136,-25.0235,29.247,171.717,16
P137,-14.6955,26.7109,164.126,23
P138,-9.3728,22.9923,156.067,32
P139,-7.25488,17.864,147.335,-10000
P140,-8.69736,12.2875,138.71,-154
P141,-22.2548,27.2831,170.74,-166
P142,-12.5171,24.7063,162.396,28
P143,-7.83777,20.9379,153.998,35
P144,-6.99953,15.8732,145.09,-10000
P145,-10.3449,10.4129,136.997,-158
P146,-19.2264,25.1005,170.045,18
P147,-11.0232,23.0271,160.089,-4
P148,-7.73043,19.6507,150.886,-10000
P149,-8.1124,14.9004,141.778,-162
P150,-12.6198,9.52198,134.244,-151
P151,-15.1441,21.0012,169.721,0
P152,-7.74768,20.8167,158.926,-56
P153,-4.75752,18.3358,149.368,-126
P154,-5.71111,13.9674,140.164,-159
P155,-10.7882,8.54655,133.062,-152
P156,-46.6928,17.8447,159.283,-146
P157,-39.605,23.4158,149.865,-152
P158,-35.265,24.1239,140.577,-10000
P159,-33.9654,21.183,130.938,-170
P160,-37.0027,15.3198,123.284,-163
P161,-53.6764,18.2002,152.797,-147
P162,-48.6735,25.7264,143.409,-160
P163,-44.4396,28.1269,134.276,-161
P164,-40.3808,26.7928,124.888,-165
P165,-36.8658,21.5791,116.725,-154
P166,-32.6728,10.0753,160.554,3
P167,-30.3757,19.1151,151.534,-10000
P168,-29.5506,22.5677,141.861,-10000
P169,-30.0852,22.3207,131.573,-166
P170,-32.2949,18.3334,122.384,-155
P171,-35.7752,23.4241,154.313,-136
P172,-35.7972,27.372,141.768,-89
P173,-35.7856,27.1732,131.401,-23
P174,-36.6117,23.903,121.56,-28
P175,-38.4786,18.7996,112.613,-18
P176,-37.2964,44.7306,145.998,-193
P177,-37.5157,39.7636,133.773,-180
P178,-37.6519,33.9899,125.068,-170
P179,-38.9916,26.8294,117.58,-163
P180,-41.7705,19.0922,111.088,-156
P181,-41.9621,8.75998,156.967,-144
P182,-39.2894,20.1698,151.444,-154
P183,-38.2113,26.2837,143.304,-160
P184,-37.2007,27.7484,133.343,-106
P185,-34.874,23.5112,124.586,-172
P186,-34.2424,-0.0133636,156.203,37
P187,-30.0797,11.9898,153.936,-208
P188,-27.9554,19.3021,147.188,-10000
P189,-27.1856,22.6428,137.564,29
P190,-27.5774,21.5412,127.367,-124
P191,-37.019,43.7857,164.832,-174
P192,-36.416,45.1517,151.725,-183
P193,-35.7205,44.1577,141.333,-182
P194,-35.4596,41.6373,131.166,-176
P195,-36.0943,38.4078,121.213,-164
P196,-35.7446,50.2748,159.686,-183
P197,-37.5451,47.8951,146.838,-186
P198,-38.1309,43.9456,137.185,-182
P199,-38.0225,38.1501,128.497,-170
P200,-37.5,30.7149,121.175,-160
P201,-33.9825,46.9618,167.124,-193
P202,-35.4671,46.2829,154.048,-187
P203,-36.0971,43.2809,144.081,-203
P204,-36.0875,37.9282,135.15,-204
P205,-35.5061,30.4405,127.943,-179
P206,-28.0655,29.6479,170.72,-178
P207,-30.5287,36.3715,159.69,-190
P208,-32.2028,38.8348,149.764,-192
P209,-33.0479,37.3291,139.688,-188
P210,-32.5154,31.1471,131.69,-175
P211,-27.4507,30.3775,170.814,-179
P212,-31.0387,39.1436,161.646,-190
P213,-33.7567,43.8294,152.776,-195
P214,-35.9336,45.2685,142.798,-199
P215,-36.9221,42.5762,132.938,-187
P216,-27.1742,30.9334,170.279,-178
P217,-31.2055,40.3498,161.968,-189
P218,-34.313,45.9023,153.722,-200
P219,-37.1772,48.7381,144.16,-206
P220,-39.4622,48.335,134.049,-208
P221,-28.7303,44.3574,177.269,37
P222,-33.3436,49.1676,165.884,-10000
P223,-36.3645,50.8948,156.043,-10000
P224,-39.0858,50.2932,145.981,-205
P225,-41.5015,47.6049,136.17,-204
P226,-19.3667,41.1274,185.594,30
P227,-27.2401,46.4875,176.518,-10000
P228,-32.1385,48.7707,167.616,-10000
P229,-35.3756,49.0701,157.74,-10000
P230,-36.4246,47.0904,147.611,-10000
P231,-27.633,38.3525,183.218,-157
P232,-34.7377,44.6687,174.136,-177
P233,-39.0773,48.2117,165.321,-187
P234,-42.6241,49.8458,155.646,-180
P235,-45.2059,49.0993,145.59,-201
P236,-30.4212,38.818,178.827,-168
P237,-38.189,46.0791,171.103,-183
P238,-42.8741,50.6615,162.977,-191
P239,-46.7131,53.6759,153.74,-196
P240,-49.3993,54.7864,143.741,-200
P241,-29.4584,46.4665,175.555,-14
P242,-34.3152,47.7637,163.371,-20
P243,-37.707,47.0772,153.481,46
P244,-41.697,45.5965,143.896,62
P245,-46.5991,44.3862,134.713,-203
P246,-20.713,29.2677,163.457,-165
P247,-27.7468,29.1401,152.331,-170
P248,-32.1833,26.7724,143.188,-21
P249,-35.143,22.3048,134.275,-151
P250,-35.9824,15.654,126.357,-156
P251,-8.44303,20.294,145.924,24
P252,-16.5095,26.8104,137.832,-158
P253,-23.3308,29.4824,130.434,-164
P254,-30.0411,28.9006,122.639,-164
P255,-35.9794,23.9131,115.977,-153
P256,-16.0738,18.2831,159.902,-1
P257,-20.5906,26.4997,150.778,-166
P258,-25.2014,29.9845,142.14,-175
P259,-30.7568,30.6047,133.407,-99
P260,-37.7133,28.1831,126.191,-169
P261,-22.4663,16.9758,168.827,1
P262,-24.5532,25.7224,159.423,-176
P263,-27.0586,29.1708,149.984,-183
P264,-30.4704,29.4635,140.192,-190
P265,-35.1654,26.7863,131.364,-181
P266,-31.4996,18.4466,172.134,-174
P267,-32.6774,29.1441,164.674,-187
P268,-33.7456,35.305,156.376,-198
P269,-35.4282,38.5469,146.691,-197
P270,-37.7857,38.055,136.665,-198
P271,-21.733,16.687,162.462,-172
P272,-25.0509,26.5202,154.386,-182
P273,-28.3409,32.0686,146.216,-189
P274,-31.5165,35.0404,136.766,-194
P275,-34.1404,35.2898,126.69,-186
P276,-4.71309,8.75416,139.847,-20
P277,-12.7456,17.2237,133.925,-152
P278,-20.6733,21.2607,128.51,-158
P279,-28.9735,22.6606,122.408,-10000
P280,-36.8894,20.916,115.932,-10000
P281,-1.51176,2.86947,149.551,26
P282,-6.38208,14.3344,145.69,24
P283,-12.8351,20.538,140.594,-166
P284,-20.6772,23.0799,134.396,-174
P285,-28.7177,21.7234,128.068,-10000
P286,-2.54281,0.542523,151.752,27
P287,-6.83415,12.6374,149.363,25
P288,-12.8262,19.7086,144.906,-188
P289,-20.2853,23.1296,138.722,-189
P290,-27.8284,22.246,131.793,-176
P291,3.14239,22.0812,159.262,16
P292,-7.45336,26.1766,152.477,24
P293,-15.9159,28.3411,146.669,-155
P294,-24.245,29.8271,140.462,-163
P295,-32.3429,30.7275,133.847,-165
P296,36.287,16.5639,184.887,-7
P297,24.429,19.9264,180.053,-7
P298,15.1049,21.9201,175.672,4
P299,5.8674,23.2984,170.888,4
P300,-3.1072,24.3242,165.546,3
P301,38.786,17.2186,191.429,-13
P302,27.6819,20.6653,185.081,-4
P303,19.1018,22.9936,179.509,-6
P304,10.6761,24.6003,173.468,4
P305,2.31029,25.4526,167.189,18
P306,34.1889,21.1749,189.293,-10000
P307,23.4695,24.6153,182.311,-3
P308,15.1601,26.8637,176.321,-4
P309,7.47885,28.4384,169.376,5
P310,0.625751,29.2786,161.489,19
P311,35.0463,22.043,189.015,-10000
P312,24.2924,25.3585,182.024,-3
P313,15.9091,27.6019,176.13,-4
P314,8.09144,29.2628,169.354,6
P315,1.06623,30.2558,161.638,19
P316,37.6933,20.3458,189.905,-13
P317,26.8545,23.3736,182.915,-2
P318,18.427,25.4342,177.012,-3
P319,10.4649,27.0416,170.381,6
P320,3.08438,28.0397,162.997,20
P321,36.856,18.5483,191.898,-12
P322,26.3221,22.1516,184.717,-5
P323,18.0436,24.5418,178.73,-6
P324,10.0818,26.2131,172.116,4
P325,2.64316,27.119,164.78,18
P326,32.5521,22.7691,189.957,-10000
P327,22.0094,26.0621,182.64,-3
P328,13.8105,28.3463,176.506,-4
P329,6.10891,29.9464,169.582,6
P330,-0.866757,30.8014,161.803,19
P331,34.608,23.8321,189.382,-9
P332,23.8117,26.9313,182.357,-2
P333,15.4039,29.0559,176.457,-3
P334,7.61353,30.5849,169.621,6
P335,0.592605,31.4569,161.882,19
P336,35.7467,21.3547,190.592,-13
P337,25.1771,24.7028,183.339,-2
P338,16.896,26.9651,177.306,-3
P339,8.9956,28.5443,170.599,6
P340,1.66286,29.3252,163.144,19
P341,32.3852,22.2689,191.193,-6
P342,21.8099,25.7464,184.01,-3
P343,13.5636,28.1912,178.005,-5
P344,5.82362,29.9202,171.156,5
P345,-1.31463,30.8238,163.526,18
P346,30.8819,19.0517,190.91,-10000
P347,20.8047,22.6104,183.08,-4
P348,12.9971,25.0707,176.518,-5
P349,5.67165,26.8607,169.234,5
P350,-1.21022,27.8744,161.381,18
P351,38.8004,14.6226,192.98,-11
P352,27.4981,16.588,186.383,-7
P353,18.655,17.7497,180.859,-8
P354,10.454,19.504,174.574,1
P355,3.02677,21.8651,167.556,10
P356,41.1735,13.2297,195.458,-2
P357,29.945,15.6025,188.849,1
P358,21.4092,17.3366,182.995,-9
P359,13.1848,19.0797,176.709,-1
P360,5.2147,20.5512,170.04,9
P361,35.8811,15.7519,196.358,-9
P362,24.8774,18.1999,189.404,-7
P363,16.4948,20.0106,183.355,-9
P364,8.38188,21.5012,176.865,1
P365,0.507159,22.6511,170.018,10
P366,31.7814,19.2499,194.187,-6
P367,20.9309,21.724,187.004,-6
P368,12.4459,23.3683,181.05,-8
P369,4.41517,24.6594,174.431,2
P370,-3.03647,25.3849,167.083,11
P371,31.6849,20.8623,191.669,-8
P372,21.0684,23.604,184.236,-3
P373,12.8106,25.3693,178.011,-5
P374,5.12753,26.596,170.988,5
P375,-1.8503,27.1877,163.179,19
P376,34.4745,23.4719,190.132,-5
P377,23.6488,25.581,182.796,-3
P378,15.1094,26.8382,176.827,-5
P379,7.10304,27.8203,170.132,5
P380,-0.0531973,28.4473,162.497,18
P381,34.9647,20.6146,190.724,-11
P382,24.1691,23.2875,183.535,1
P383,15.5749,24.6269,177.667,0
P384,7.22251,25.1915,171.35,9
P385,-0.610727,25.046,164.377,24
P386,30.198,23.0528,190.494,-9
P387,19.3415,24.9974,183.173,-2
P388,10.8348,25.8109,177.09,0
P389,2.86988,26.0061,170.272,9
P390,-4.59067,25.6295,162.902,20
P391,30.2701,23.82,189.455,-11
P392,19.8778,25.9484,181.526,-4
P393,11.7296,26.9132,174.989,-2
P394,3.97401,27.0891,167.933,8
P395,-3.23297,26.5422,160.33,19
P396,34.0324,23.1284,189.301,-10
P397,23.4813,25.1239,181.55,2
P398,15.1346,26.0682,175.258,2
P399,7.00066,26.3116,168.638,11
P400,-0.734279,25.776,161.573,24
P401,32.453,22.2461,191.9,-11
P402,22.0436,24.5723,184.047,-3
P403,13.8189,25.7191,177.635,-3
P404,5.88417,26.0327,170.784,7
P405,-1.66933,25.5701,163.516,19
P406,29.4516,24.6156,191.162,-12
P407,19.0107,26.727,183.291,-5
P408,10.8282,27.8425,176.824,-2
P409,3.25825,28.2366,169.588,7
P410,-3.63683,27.7973,161.697,18
P411,28.726,25.6657,188.63,-10
P412,18.8504,27.8193,180.069,-9
P413,11.1511,28.8896,173.022,1
P414,3.75029,29.0954,165.597,10
P415,-3.14438,28.3767,157.726,30
P416,28.8341,27.3097,187.247,-9
P417,18.4226,29.2614,179.294,-7
P418,10.2664,30.2187,172.772,3
P419,2.78777,30.3634,165.439,17
P420,-3.86935,29.577,157.381,32
P421,28.8541,26.1005,187.197,-5
P422,17.9091,28.4079,180.117,-3
P423,9.28027,29.6289,174.29,6
P424,1.41669,30.1442,167.395,20
P425,-5.62372,29.7938,159.637,35
P426,27.4967,26.6139,186.834,-7
P427,16.8441,28.7895,179.272,-6
P428,8.42323,30.149,173.165,4
P429,0.607195,30.9013,166.224,18
P430,-6.56667,30.8962,158.573,32
P431,28.2728,27.6625,186.252,-7
P432,17.6699,29.7436,178.591,-5
P433,9.27209,31.0841,172.447,5
P434,1.50153,31.9011,165.463,19
P435,-5.53063,32.075,157.685,33
P436,30.9694,26.5515,186.744,-8
P437,20.6604,28.4504,178.642,1
P438,12.499,29.5471,172.134,4
P439,4.66403,30.1512,165.185,17
P440,-2.62768,30.1244,157.645,32
P441,31.9889,23.3761,188.788,-8
P442,22.0712,25.5018,180.269,0
P443,14.2724,26.767,173.356,2
P444,6.53931,27.5436,166.304,15
P445,-0.975119,27.6683,158.979,23
P446,8.03359,6.02102,151.518,21
P447,2.26738,16.8681,156.076,19
P448,-4.88202,24.2216,157.395,20
P449,-13.804,29.1856,156.056,33
P450,-23.1766,30.952,152.131,-163
P451,7.21053,4.6132,151.832,23
P452,2.15262,15.1411,157.703,19
P453,-4.74007,22.4628,160.16,20
P454,-13.5746,27.8077,160.102,-10000
P455,-23.2199,30.3937,157.452,40
P456,7.41882,5.62521,149.683,24
P457,2.70109,16.426,155.326,20
P458,-4.01814,23.9753,157.452,21
P459,-12.8438,29.2414,156.924,-10000
P460,-22.4598,31.3128,153.826,-162
P461,7.16799,1.70037,150.636,28
P462,3.65308,12.0281,157.765,20
P463,-2.73654,19.319,161.237,22
P464,-11.5894,24.4744,161.86,23
P465,-21.2876,26.6179,159.255,33
P466,5.58655,3.1372,150.583,27
P467,1.64555,13.4032,157.613,20
P468,-4.77402,20.806,160.832,21
P469,-13.4848,26.276,161.157,-10000
P470,-23.1135,28.9164,158.591,32
P471,4.43442,4.8127,149.787,25
P472,0.123928,15.2428,156.303,18
P473,-6.49555,22.7324,158.872,19
P474,-15.2674,28.1589,158.804,-10000
P475,-24.9577,30.6927,156.281,37
P476,4.44851,5.74692,149.485,24
P477,0.154182,16.3233,155.782,18
P478,-6.38804,23.9282,158.224,19
P479,-15.1388,29.3726,158.135,-10000
P480,-24.8656,31.7555,155.634,36
P481,5.90732,5.39457,148.858,25
P482,1.96297,16.0107,155.322,19
P483,-4.45095,23.6663,157.856,19
P484,-13.1837,29.1115,157.661,-10000
P485,-22.8489,31.4869,154.946,37
P486,7.05961,4.71163,148.436,28
P487,3.37508,14.8418,155.776,21
P488,-3.05421,22.1421,159.075,21
P489,-11.966,27.2116,159.173,-10000
P490,-21.6898,29.1486,156.383,34
P491,7.10418,-1.17583,149.776,29
P492,4.14705,8.5861,157.855,20
P493,-1.91288,15.7893,162.019,20
P494,-10.5943,21.1245,163.158,23
P495,-20.3249,23.4763,160.957,30
P496,4.04205,-1.51884,150.375,30
P497,1.41662,8.33534,158.504,21
P498,-4.37065,15.6607,162.847,20
P499,-12.871,21.2473,164.311,-10000
P500,-22.611,24.1954,162.683,30
P501,3.98372,2.6875,148.393,26
P502,0.72379,13.114,155.493,19
P503,-5.34873,20.8582,158.488,21
P504,-13.8734,26.5966,158.454,-10000
P505,-23.3841,29.3156,155.604,32
P506,5.42139,4.57417,149.985,-67
P507,1.17034,14.4353,157.38,-51
P508,-5.45734,21.6149,160.659,-47
P509,-14.27,26.9341,160.857,53
P510,-23.9045,29.5322,158.212,37
P511,7.35368,0.657292,149.889,30
P512,4.35691,10.5421,157.838,21
P513,-1.67997,17.8851,161.757,22
P514,-10.2444,23.5058,162.419,-10000
P515,-19.7189,26.5137,159.753,34
P516,4.46336,2.85464,148.538,25
P517,1.46221,13.4091,155.593,18
P518,-4.32658,21.3597,158.612,20
P519,-12.6804,27.3279,158.589,-10000
P520,-22.1906,30.1679,155.848,40
P521,5.80938,1.14604,150.055,28
P522,2.96538,11.1757,157.909,20
P523,-2.89573,18.6519,161.841,21
P524,-11.3669,24.3817,162.483,-10000
P525,-20.823,27.2775,159.717,33
P526,5.50478,2.55403,149.316,26
P527,2.30132,13.2061,156.068,19
P528,-3.92181,20.9079,158.799,20
P529,-12.6845,26.2836,158.712,-10000
P530,-22.3806,28.5904,156.061,38
P531,6.4372,5.07638,147.697,26
P532,3.36455,15.5296,154.892,19
P533,-2.54183,23.3084,158.074,20
P534,-11.0952,28.9131,158.059,-10000
P535,-20.6549,31.0486,155.013,41
P536,8.73175,1.8298,148.873,30
P537,6.0007,11.9544,156.595,21
P538,-0.0494894,19.4651,160.033,23
P539,-8.77903,24.8216,160.163,25
P540,-18.3216,27.1929,157.129,35
P541,6.96476,1.02286,149.323,27
P542,4.66492,11.4132,156.832,-10000
P543,-1.10752,19.172,160.176,19
P544,-9.77145,24.5989,160.372,-10000
P545,-19.388,26.7152,157.48,32
P546,5.61688,2.73007,148.871,27
P547,2.79925,13.3154,155.919,19
P548,-3.18819,21.1072,158.836,20
P549,-11.8739,26.528,158.69,-10000
P550,-21.4763,28.5717,155.666,38
P551,5.26596,3.62232,148.518,23
P552,2.13899,14.279,155.314,16
P553,-3.95692,22.1135,157.894,18
P554,-12.6189,27.5626,157.387,-10000
P555,-22.1566,29.6018,154.133,34
P556,9.16914,4.42415,148.709,25
P557,5.99208,15.0538,155.515,19
P558,-0.22963,22.7392,158.24,20
P559,-9.02207,27.9776,157.896,-10000
P560,-18.6478,29.7033,154.778,34
P561,7.66659,3.24473,149.337,27
P562,4.60502,13.7339,156.425,19
P563,-1.44487,21.4668,159.454,19
P564,-10.0559,27.0495,159.462,-10000
P565,-19.6147,29.4984,156.575,33
P566,6.59703,5.16409,149.415,24
P567,3.15824,15.9129,155.934,17
P568,-3.04676,23.6878,158.536,18
P569,-11.78,29.0642,158.311,-10000
P570,-21.4569,31.0514,155.43,37
P571,6.41793,5.34917,149.046,23
P572,3.16253,16.3408,155.256,17
P573,-2.90259,24.3089,157.528,18
P574,-11.5789,29.7009,156.924,30
P575,-21.1673,31.4025,153.665,35
P576,6.88962,6.2447,148.722,23
P577,3.5732,17.1256,155.121,17
P578,-2.5281,25.007,157.538,19
P579,-11.2623,30.254,156.868,31
P580,-20.7943,31.717,153.374,35
P581,9.44123,5.09644,149.384,27
P582,6.60126,16.0912,155.774,21
P583,0.70345,24.1454,158.027,23
P584,-7.94921,29.4622,157.13,-10000
P585,-17.4647,30.7097,153.596,36
P586,7.57788,6.15784,150.04,25
P587,4.0123,17.1212,156.112,19
P588,-2.29282,24.9296,158.285,19
P589,-11.1135,30.0652,157.57,-10000
P590,-20.7403,31.4076,154.276,40
P591,7.22027,6.20034,149.732,24
P592,3.88103,17.4257,155.46,18
P593,-2.23765,25.455,157.293,20
P594,-10.9632,30.7132,156.322,33
P595,-20.5637,32.1697,152.964,-170
P596,7.08287,6.80341,149.458,25
P597,3.61132,18.1397,154.874,19
P598,-2.53327,26.2106,156.492,20
P599,-11.2275,31.5094,155.418,34
P600,-20.7938,32.9796,151.973,-170
P601,10.1434,3.47327,149.399,26
P602,7.75129,14.3374,156.164,20
P603,1.90775,22.333,158.596,22
P604,-6.78338,27.5661,157.689,-10000
P605,-16.1774,28.924,153.854,36
P606,6.99718,5.89167,149.145,23
P607,4.11838,17.0943,155.156,18
P608,-1.7497,25.2478,157.178,20
P609,-10.3582,30.65,156.255,33
P610,-19.8898,32.0092,152.767,-163
P611,6.91929,5.95276,148.896,26
P612,3.40282,17.0589,154.689,19
P613,-2.86158,24.9868,156.552,20
P614,-11.6019,30.2631,155.66,34
P615,-21.1691,31.8744,152.268,-168
P616,9.12648,6.16403,149.037,28
P617,5.66623,16.7571,155.751,21
P618,-0.744461,24.3516,158.239,21
P619,-9.67966,29.3036,157.64,-10000
P620,-19.2545,30.7356,154.209,-167
P621,6.19629,3.137,149.611,27
P622,3.75666,13.4634,157.188,19
P623,-1.73797,21.4319,160.657,19
P624,-9.94872,27.5406,161.032,-10000
P625,-19.303,30.5179,158.101,32
P626,6.03544,4.96813,149.297,28
P627,3.15993,15.5934,156.255,21
P628,-2.73354,23.5026,159.135,21
P629,-11.3193,29.1269,159.278,-10000
P630,-21.024,31.4875,156.788,39
P631,5.85366,5.56876,148.614,26
P632,-2.81642,24.3251,158.059,19
P633,-11.4207,29.8842,157.983,-10000
P634,-21.0972,31.9232,155.211,36
P635,6.52974,6.91144,148.252,27
P636,3.4445,17.2336,155.599,19
P637,-2.52596,24.9334,158.853,20
P638,-11.1978,30.3484,159.074,-10000
P639,-20.847,32.3086,156.201,38
P640,7.60858,4.27304,148.197,27
P641,5.1876,14.472,155.93,18
P642,-0.500743,22.2909,159.268,18
P643,-9.12347,27.7433,159.31,-10000
P644,-18.7622,29.6248,156.341,31
P645,5.67842,6.43384,148.356,28
P646,2.91192,16.9736,155.511,21
P647,-2.75547,24.9418,158.724,22
P648,-11.1546,30.7859,159.093,-10000
P649,-20.7822,33.1296,156.512,34
P650,7.18613,7.40892,148.081,29
P651,4.05812,17.9827,155.001,22
P652,-2.03631,25.7268,157.915,23
P653,-10.7373,31.1593,157.948,-10000
P654,-20.4319,33.2918,155.247,36
P655,8.13711,4.14811,148.463,28
P656,5.7396,14.4933,155.994,19
P657,0.108009,22.3976,159.314,19
P658,-8.39528,28.0794,159.627,-10000
P659,-18.0606,30.3415,157.023,31
P660,4.57133,2.12431,147.607,27
P661,2.32756,12.3743,155.309,19
P662,-2.96646,20.5488,158.568,19
P663,-11.0512,26.8298,158.695,-10000
P664,-20.4688,29.7796,155.889,30
P665,4.46476,3.99428,146.025,26
P666,2.07912,13.9171,154.093,17
P667,-3.61584,21.6195,157.72,17
P668,-12.15,27.2242,158.007,-10000
P669,-21.7551,29.4229,155.154,29
P670,7.38994,1.49585,147.759,-26
P671,5.71253,11.0825,156.391,-4
P672,0.146271,18.479,160.684,14
P673,-8.54563,23.7337,161.51,-10000
P674,-18.166,25.8336,158.714,30
P675,6.25658,-1.26648,149.435,30
P676,5.14186,8.50953,157.934,19
P677,0.0393085,16.129,162.495,18
P678,-8.42208,21.529,164.435,23
P679,-18.3939,23.6094,163.365,28
P680,-3.97067,3.55915,143.178,-74
P681,0.325294,12.0694,151.857,-52
P682,-1.45987,20.1514,157.789,-34
P683,-7.75153,27.3521,161.242,-34
P684,-16.9659,31.6801,161.469,14
P685,-3.48543,1.04494,145.295,-62
P686,3.12205,8.12923,153.791,-35
P687,3.16451,15.9733,160.188,-23
P688,-2.09436,23.5942,164.094,-31
P689,-11.0196,28.2503,164.209,-10000
P690,-3.89513,2.65296,144.212,38
P691,2.09406,9.93052,152.984,24
P692,1.4639,17.5698,159.592,20
P693,-4.41499,24.6205,163.733,19
P694,-13.6402,28.754,164.116,57
P695,1.8962,10.8715,151.963,23
P696,1.07631,18.5629,158.491,19
P697,-4.9709,25.4941,162.561,18
P698,-14.357,29.1699,162.896,-10000
P699,-3.12799,-0.241276,144.035,39
P700,4.21497,6.8203,151.913,25
P701,4.85678,14.663,158.295,19
P702,0.0628824,22.2972,162.773,18
P703,-8.7481,27.0656,163.915,76
P704,-4.00157,2.41933,143.942,41
P705,2.55592,10.0343,151.97,27
P706,2.40193,17.9206,158.347,22
P707,-3.02382,25.1049,162.923,20
P708,-12.1525,29.2205,164.462,-10000
P709,-3.50016,5.01093,142.174,38
P710,2.46393,12.9376,150.339,25
P711,1.87004,20.8482,156.697,20
P712,-3.78791,27.9538,161.131,19
P713,-13.0073,31.9301,162.386,-10000
P714,-2.04058,2.82459,143.147,39
P715,4.46111,10.4999,151.174,25
P716,4.08922,18.3276,157.557,20
P717,-1.77504,25.2021,161.964,18
P718,-11.1965,28.6882,163.036,-10000
P719,3.958,6.5528,146.853,28
P720,-2.4541,23.9997,159.699,18
P721,-10.8796,29.5756,161.315,-10000
P722,-20.7237,32.0163,159.821,30
P723,5.47197,7.57809,148.707,28
P724,2.99346,17.7208,156.441,19
P725,-2.81303,25.3264,160.207,19
P726,-11.3991,30.8496,161.21,-10000
P727,-21.2484,33.1429,159.382,32
P728,5.56743,4.87229,150.276,28
P729,3.4645,15.3168,157.758,19
P730,-1.98599,23.3203,161.127,19
P731,-10.3745,29.1369,161.338,-10000
P732,-19.9229,31.4337,158.432,32
P733,4.05081,5.57775,151.201,27
P734,1.46838,16.33,158.068,21
P735,-4.2032,24.4215,160.868,20
P736,-12.6042,30.2563,160.684,-10000
P737,-22.0947,32.5738,157.552,38
P738,2.7752,9.44737,151.412,22
P739,-0.91276,20.3343,157.51,18
P740,-7.25001,28.1668,159.51,18
P741,-15.8638,33.5458,158.298,31
P742,-25.0272,35.3012,154.051,-172
P743,6.02949,7.33346,151.66,26
P744,-4.09241,25.5386,160.615,24
P745,-12.904,30.7128,159.822,34
P746,-22.3962,32.4428,156.271,-172
P747,5.64747,5.42346,151.788,27
P748,2.14753,16.0681,158.348,22
P749,-4.27265,23.7627,160.462,21
P750,-13.1419,28.8043,159.513,34
P751,-22.6288,30.363,155.882,-173
P752,3.75329,8.30456,152.369,24
P753,-0.584634,18.998,158.381,21
P754,-7.19967,26.6496,160.405,20
P755,-15.9092,32.0897,159.71,32
P756,-25.4034,34.308,156.398,-177
P757,2.95504,8.9814,152.239,21
P758,-1.53381,19.7049,158.11,18
P759,-8.19213,27.355,160.014,17
P760,-16.869,32.8598,159.208,29
P761,-26.2776,35.3873,155.802,-180
P762,-2.52437,17.9271,167.922,2
P763,-10.7345,27.9415,165.532,54
P764,-17.9748,34.0948,161.329,-10000
P765,-25.8855,37.6041,155.568,29
P766,-34.1622,38.465,149.284,-176
P767,-16.3351,23.957,176.472,-160
P768,-23.2896,33.4996,170.581,-176
P769,-28.6433,39.5656,164.001,-185
P770,-33.8828,43.4972,155.902,-195
P771,-38.8087,44.9752,146.833,-196
P772,-20.8941,29.8235,175.284,-173
P773,-27.8603,38.5521,168.229,-185
P774,-33.3594,44.0072,161.214,-193
P775,-38.5783,47.6567,152.94,-202
P776,-43.2045,49.3945,143.729,-204
P777,-29.1844,45.0628,175.4,34
P778,-36.585,51.6153,166.638,-199
P779,-41.983,55.3036,158.478,-189
P780,-47.0813,57.3436,149.564,-191
P781,-51.5115,58.2677,140.111,-10000
P782,-27.9867,44.7208,177.932,-173
P783,-35.6598,50.9863,169.222,-187
P784,-41.1259,54.3583,160.983,-197
P785,-46.2769,55.7418,151.992,-190
P786,-50.5897,55.6176,142.458,60
P787,-28.0008,44.4659,178.704,-164
P788,-35.3791,50.1488,169.345,-180
P789,-40.6847,53.1932,160.852,-189
P790,-45.6499,54.7968,151.766,-182
P791,-50.1127,55.3582,142.297,-200
P792,-28.7452,45.8273,177.01,-172
P793,-36.3613,51.5797,167.887,-188
P794,-41.8567,54.5841,159.509,-196
P795,-47.0185,55.9747,150.508,-190
P796,-51.5284,56.0127,141.056,-208
P797,-30.9822,45.7021,180.811,-173
P798,-37.0872,50.7558,170.267,-191
P799,-41.4436,53.2861,161.087,-201
P800,-45.9473,54.3266,151.681,-205
P801,-50.408,54.3082,142.186,-195
P802,-30.5903,40.6215,184.951,-165
P803,-35.8775,45.8399,174.08,-185
P804,-39.4778,48.6906,164.658,-195
P805,-43.2066,50.3201,154.999,-188
P806,-46.6629,50.673,145.116,-195
P807,-32.3378,46.3326,180.029,-172
P808,-38.5212,50.3788,169.067,-188
P809,-42.8625,52.4174,159.746,-198
P810,-46.6213,53.5738,150.024,-201
P811,-49.6485,54.0907,139.994,-195
P812,-31.1598,49.0406,175.3,-172
P813,-37.5279,52.4848,164.229,-196
P814,-42.3042,53.6643,154.988,-201
P815,-46.3934,53.4621,145.352,-195
P816,-49.3745,52.1599,135.394,-208
P817,-19.7857,12.1762,157.436,32
P818,-22.3494,24.7934,159.255,-171
P819,-26.4671,33.4769,156.038,-183
P820,-31.2962,38.2897,148.603,-194
P821,-34.6979,37.9724,139.102,-195
P822,-24.4015,0.615112,139.803,-127
P823,-20.9388,10.2628,147.729,-60
P824,-21.3337,20.0653,150.406,-10000
P825,-24.7637,29.4274,148.551,-179
P826,-30.2973,35.8119,142.879,-189
P827,-20.1519,1.93626,129.246,-124
P828,-15.6753,12.9063,134.358,-147
P829,-16.8757,22.8572,136.191,-160
P830,-21.9323,31.6146,134.888,-168
P831,-29.4655,37.1968,130.81,-173
P832,0.0958609,9.32149,153.601,4
P833,-6.84908,20.4295,152.794,23
P834,-14.1062,27.1834,149.772,-10000
P835,-22.3513,31.3389,145.011,-10000
P836,-30.7841,32.819,139.087,-10000
P837,-9.54558,12.6078,171.551,-2
P838,-17.1469,23.1638,169.617,-10000
P839,-23.4577,30.0439,165.092,-162
P840,-29.5241,34.7905,158.132,-173
P841,-35.0421,36.8493,149.583,-180
P842,-21.095,22.6301,173.829,-158
P843,-27.9145,32.701,168.77,-173
P844,-32.9352,39.3321,162.477,-182
P845,-37.4711,44.3212,154.509,-192
P846,-41.5677,47.3942,145.409,-188
P847,-23.5943,28.4922,172.062,-167
P848,-30.6193,37.7616,165.835,-179
P849,-36.0776,43.7133,159.197,-188
P850,-41.2933,48.1382,151.29,-186
P851,-46.0334,50.9092,142.396,-10000
P852,-19.0343,10.5242,174.438,19
P853,-25.5639,21.8367,176.189,-163
P854,-30.1006,30.9816,174.528,-169
P855,-33.3729,39.0117,169.035,-180
P856,-35.2613,44.2364,160.379,-176
P857,-18.785,8.90334,173.306,18
P858,-25.0331,20.0491,176.587,-166
P859,-29.2286,29.5251,176.53,-171
P860,-32.6163,38.4549,172.675,-181
P861,-34.7085,45.5732,165.471,-192
P862,-19.4675,19.3693,173.916,17
P863,-26.8029,30.2931,172.98,-174
P864,-32.0344,38.6095,169.572,-178
P865,-36.6847,45.679,163.504,-190
P866,-40.6294,51.3353,155.653,-185
P867,-15.894,25.6121,178.702,-11
P868,-23.054,30.9772,168.959,-181
P869,-28.2181,34.3779,160.486,16
P870,-32.987,37.4367,151.648,-195
P871,-37.5267,40.6135,142.731,-49
P872,2.0977,27.0084,163.224,20
P873,-7.74212,25.7666,154.478,40
P874,-15.1191,23.7297,147.303,-168
P875,-21.8699,21.2159,139.684,-173
P876,-27.5809,18.7067,131.268,34
P877,-7.15503,28.4883,150.534,43
P878,-16.8916,23.2608,143.261,-163
P879,-23.9855,18.2736,137.352,-169
P880,-30.6994,13.1136,131.147,-10000
P881,-37.1638,7.94352,124.689,-145
P882,-30.5103,45.7599,143.952,-205
P883,-36.0126,37.7915,134.943,-190
P884,-39.7849,30.7762,128.115,-181
P885,-43.2828,23.0254,121.985,-175
P886,-46.4692,14.4646,116.844,-10000
P887,-13.4343,29.3559,151.251,36
P888,-22.231,26.5075,141.871,-200
P889,-28.0876,22.3342,134.279,-10000
P890,-32.6096,16.4893,126.942,-10000
P891,-34.9181,8.59648,120.65,-10000
P892,0.502439,9.97363,141.877,36
P893,-9.80715,15.7288,136.119,-154
P894,-18.447,16.9814,130.562,-158
P895,-26.5725,14.3515,124.842,-10000
P896,-32.7877,7.70528,120.123,-10000
P897,-1.96424,12.0309,140.756,-21
P898,-12.0147,17.7987,134.583,-160
P899,-20.4093,19.3209,128.654,-165
P900,-28.7746,17.618,122.801,-10000
P901,-36.4014,12.3914,118.204,-10000
P902,0.575128,12.4321,152.125,22
P903,-7.06114,22.736,149.12,24
P904,-14.2959,28.9372,144.955,-164
P905,-21.9383,32.6536,138.988,-173
P906,-29.2866,33.5158,131.697,41
P907,3.14107,17.5588,172.446,-10
P908,-5.66299,22.8057,164.07,0
P909,-12.5763,26.0191,156.869,-175
P910,-19.4187,28.2532,149.239,-177
P911,-26.2494,29.6602,141.398,-181
P912,5.91345,14.1576,173.98,-8
P913,-2.81599,20.0668,165.968,-10000
P914,-9.6088,24.0466,159.037,5
P915,-16.3656,27.0909,151.619,-169
P916,-23.0197,29.0764,143.763,-178
P917,-8.57483,21.2751,180.642,-12
P918,-15.6497,26.6689,170.835,-5
P919,-21.0886,30.325,162.638,-173
P920,-26.7584,33.5195,154.401,-186
P921,-32.8224,36.4698,146.358,-189
P922,-15.2797,27.9336,178.691,-5
P923,-21.7449,31.834,167.809,7
P924,-26.5832,34.4405,158.867,19
P925,-31.1893,36.5743,149.679,24
P926,-35.7871,38.3221,140.405,-10000
P927,-7.05733,8.70619,187.147,-11
P928,-13.627,18.2963,180.811,-10000
P929,-18.6056,25.2773,174.791,-156
P930,-22.9934,31.3236,167.477,-162
P931,-26.3455,36.0975,158.811,-173
P932,-7.86565,7.74505,187.647,-12
P933,-14.6245,17.5095,181.794,-10000
P934,-19.6986,24.9768,176.441,-164
P935,-24.5048,32.3081,170.667,-171
P936,-29.0629,39.512,164.54,-179
P937,-8.99185,11.7651,183.202,-4
P938,-16.2315,21.7343,178.364,73
P939,-21.4339,29.574,173.726,-169
P940,-26.2553,37.086,168.219,-178
P941,-30.7415,44.1626,161.905,18
P942,-13.8483,15.3432,181.474,-3
P943,-20.6606,25.9356,177.439,-170
P944,-25.4172,34.1193,172.971,-177
P945,-30.1142,41.2869,166.968,-189
P946,-34.5952,47.4212,159.754,18
P947,-2.90079,4.55529,185.777,-5
P948,-10.618,14.6972,182.171,-3
P949,-16.1314,22.8718,178.621,-173
P950,-20.7106,30.8552,173.666,-3
P951,-24.0897,38.1951,167.04,4
P952,31.9011,-15.0672,195.925,-2
P953,25.9732,-3.90474,191.973,3
P954,21.3683,4.76909,188.265,-5
P955,16.5147,13.1739,184.266,-10000
P956,11.4029,21.3026,180.021,-10000
P957,25.5242,-10.5549,195.3,4
P958,18.7595,-0.0148556,191.056,-2
P959,12.744,7.676,187.215,-6
P960,6.5826,14.9077,182.762,-10000
P961,0.643871,21.8031,177.543,-2
P962,28.9121,-12.623,194.82,3
P963,22.5187,-2.01105,190.149,4
P964,16.8717,5.80789,186.023,-8
P965,10.7666,12.9656,181.383,-10000
P966,4.49138,19.5393,176.136,-8
P967,31.6759,-16.3593,198.007,7
P968,25.0536,-6.24116,192.64,0
P969,19.5416,1.22085,187.732,-3
P970,13.876,8.25257,182.386,-10000
P971,7.97061,14.6869,176.568,-4
P972,25.4244,-21.0728,197.82,3
P973,18.9921,-10.0519,194.317,4
P974,13.6795,-1.61316,191.051,-8
P975,8.73914,6.70064,186.987,-10000
P976,3.95502,14.6847,182.143,-7
P977,26.373,-17.9604,194.228,4
P978,19.7771,-7.28226,190.001,-4
P979,14.6881,1.21609,186.527,-8
P980,10.0678,9.82705,182.701,-10000
P981,5.76501,18.3171,178.278,-8
P982,29.0909,-15.6937,193.271,4
P983,22.8179,-5.04069,188.514,-4
P984,18.2079,3.47048,184.455,-7
P985,14.0304,12.0992,180.176,-10000
P986,9.91103,20.6299,175.65,-8
P987,32.3569,-15.983,194.679,4
P988,25.6056,-5.73213,189.715,-4
P989,20.6048,2.38957,185.339,-7
P990,16.2161,10.712,180.686,-10000
P991,12.0045,18.9807,175.775,-8
P992,31.3693,-19.6895,197.801,4
P993,24.8921,-9.35441,192.666,-4
P994,20.0349,-1.25767,188.083,-6
P995,15.67,6.8646,183.07,-10000
P996,11.4644,14.7506,177.565,-7
P997,27.5746,-18.8619,197.093,4
P998,21.2941,-8.32228,192.12,-4
P999,16.514,-0.124018,187.642,-7
P1000,12.3327,8.05904,182.578,-10000
P1001,8.39521,15.9512,176.891,-7
P1002,27.6962,-15.5133,194.544,3
P1003,21.8251,-4.85223,189.323,-5
P1004,17.6016,3.60085,184.754,-9
P1005,13.7497,12.0461,179.853,-10000
P1006,9.92014,20.1841,174.444,-8
P1007,29.7256,-13.6266,196.587,4
P1008,25.6786,-1.62873,192.738,-10000
P1009,22.968,7.84292,189.139,-7
P1010,19.6089,16.6764,184.647,-10000
P1011,15.1992,24.288,179.019,-7
P1012,30.0308,-17.9472,197.514,5
P1013,24.2752,-7.0354,192.699,-3
P1014,20.1788,1.59657,188.361,-6
P1015,16.2654,9.92389,183.328,-10000
P1016,11.9927,17.5815,177.569,-7
P1017,26.7538,-16.5329,197.001,2
P1018,20.4029,-5.75676,192.648,-5
P1019,15.4704,2.67093,188.812,-9
P1020,10.9719,10.7985,183.964,-111
P1021,6.92307,18.3106,177.884,-8
P1022,25.8425,-12.627,194.439,4
P1023,19.6388,-1.97608,189.584,6
P1024,14.7335,6.35348,185.49,-9
P1025,9.84441,14.4115,180.881,-10000
P1026,4.9354,21.9609,175.497,-4
P1027,27.1352,-11.0174,192.562,1
P1028,20.9934,-0.76859,186.844,-6
P1029,16.5265,7.419,182.027,-12
P1030,12.2343,15.5164,176.908,-6
P1031,7.78652,23.297,171.442,-2
P1032,30.4603,-16.6318,196.717,-1
P1033,24.6153,-6.28848,190.888,-3
P1034,20.261,1.51756,185.394,-10000
P1035,15.8744,8.87987,179.337,-10000
P1036,11.3611,15.804,172.866,-10000
P1037,27.3525,-18.437,197.269,3
P1038,21.0439,-8.52818,191.193,-3
P1039,16.1781,-1.05489,185.662,-9
P1040,11.8743,6.35693,179.608,-10000
P1041,7.8313,13.437,173,-3
P1042,25.2432,-13.4298,194.85,1
P1043,18.8143,-3.77085,188.495,-6
P1044,14.0846,3.7006,182.843,-10000
P1045,9.7682,11.1399,176.826,-9
P1046,5.65264,18.3412,170.393,-2
P1047,24.6719,-1.30075,191.651,-5
P1048,18.2685,6.99805,183.554,-10
P1049,13.3519,13.4383,176.878,-2
P1050,8.19561,19.5121,170.044,5
P1051,2.82662,25.2245,163.061,10
P1052,27.5378,-4.72371,195.183,-3
P1053,21.4224,3.60706,186.912,56
P1054,16.2686,9.45114,179.89,68
P1055,10.4261,14.523,172.809,5
P1056,3.98449,18.9268,165.791,3
P1057,28.0075,-9.94066,175.729,7
P1058,18.4969,-1.33671,178.882,-7
P1059,10.3344,5.14325,179.209,-3
P1060,2.18555,11.1629,176.827,-10000
P1061,-5.37893,16.2815,171.834,3
P1062,32.1483,-4.27636,172.666,12
P1063,22.7941,4.44447,175.986,-5
P1064,14.769,11.0917,176.528,-3
P1065,6.56523,17.1852,174.531,-10000
P1066,-1.24984,22.3443,169.961,3
P1067,28.5047,-6.12602,173.815,3
P1068,19.8364,3.26821,177.168,-8
P1069,12.0593,10.1718,178.002,-3
P1070,3.76442,16.2252,176.298,-10000
P1071,-4.42311,21.1891,172.154,2
P1072,28.8657,-5.94671,172.759,5
P1073,20.252,3.50566,176.065,-6
P1074,12.7315,10.7042,176.52,-3
P1075,4.5636,16.7699,174.369,-10000
P1076,-3.55195,21.4031,169.765,3
P1077,29.403,-5.44155,171.74,4
P1078,20.8869,4.04917,175.185,-6
P1079,13.4119,11.2764,175.736,-4
P1080,5.29372,17.3292,173.456,-10000
P1081,-2.72925,21.7704,168.539,3
P1082,32.6162,-6.67122,173.274,6
P1083,24.3548,3.04257,176.728,-6
P1084,16.9472,10.3404,177.423,-1
P1085,8.65922,16.384,175.686,-10000
P1086,0.10899,20.8847,171.749,4
P1087,30.4134,-7.79868,173.826,7
P1088,21.8776,1.60179,177.445,-6
P1089,14.3933,8.81886,178.13,-3
P1090,6.25133,14.932,176.099,-10000
P1091,-1.81454,19.4447,171.337,3
P1092,29.4066,-6.26672,173.116,5
P1093,21.2309,3.42002,176.828,-5
P1094,14.1213,10.9903,177.616,-3
P1095,6.16714,17.3647,175.672,-2
P1096,-1.93261,22.0086,171.085,4
P1097,29.275,-5.12725,172.192,6
P1098,21.0284,4.51386,175.849,-4
P1099,13.9124,12.0872,176.392,-2
P1100,6.12918,18.5289,174.028,-10000
P1101,-1.68263,23.2661,169.047,5
P1102,29.2912,-6.70867,174.448,0
P1103,21.1807,3.14979,177.858,-7
P1104,13.8803,10.5603,178.583,-3
P1105,5.82001,16.9342,176.898,-10000
P1106,-2.33791,22.0931,172.928,1
P1107,26.5039,-0.966162,173.306,-2
P1108,17.628,8.26032,176.618,-5
P1109,9.86865,15.1923,177.597,52
P1110,1.74685,21.6204,176.351,-10000
P1111,-6.32423,27.2634,172.868,4
P1112,31.9578,-2.35317,172.145,7
P1113,23.2189,6.89939,175.725,-4
P1114,15.7388,14.1147,176.705,-1
P1115,7.59225,20.4673,175.334,-10000
P1116,-0.639724,25.7945,171.74,5
P1117,34.4005,-6.09943,173.343,8
P1118,25.7172,3.1884,176.921,-5
P1119,18.1758,10.3511,177.712,-2
P1120,9.97194,16.5305,176.024,-10000
P1121,1.62339,21.3572,172.038,3
P1122,32.4545,-9.89057,175.247,9
P1123,24.0196,-0.433409,178.913,-5
P1124,16.6131,6.8752,179.52,-3
P1125,8.37198,12.9462,177.706,-10000
P1126,-0.000505567,17.3682,173.389,3
P1127,28.7212,-8.63584,175.549,8
P1128,20.1814,0.770124,179.172,-5
P1129,12.7628,8.05297,179.975,-3
P1130,4.72728,14.3879,178.147,-10000
P1131,-3.34204,19.2751,173.735,4
P1132,31.1534,-2.33293,172.898,-2
P1133,22.1141,6.65296,176.409,-8
P1134,14.2066,13.4005,177.28,-10000
P1135,5.91217,19.4742,175.586,-10000
P1136,-2.0635,24.8987,171.575,2
P1137,30.4173,-9.1393,174.752,5
P1138,22.2456,0.639902,178.175,-7
P1139,14.892,8.00067,178.64,-2
P1140,6.59432,13.9076,176.627,-10000
P1141,-1.87006,17.9202,172.11,3
P1142,29.5746,-3.63235,171.9,0
P1143,21.2348,6.0114,175.355,-6
P1144,14.0939,13.5759,175.875,0
P1145,6.18597,19.9391,173.686,-10000
P1146,-1.87481,24.589,169.01,5
P1147,33.7477,-3.89972,172.074,8
P1148,24.8935,5.0859,176.016,-5
P1149,17.2293,12.0652,177.039,-3
P1150,9.05577,18.1588,175.12,-10000
P1151,1.09468,22.8285,170.328,3
P1152,33.7073,-7.74822,173.862,10
P1153,25.2506,1.69102,177.562,-3
P1154,17.8855,9.0234,178.258,-2
P1155,9.67818,15.0645,176.305,-10000
P1156,1.30147,19.2171,171.755,4
P1157,29.8485,-7.16567,174.525,6
P1158,21.1839,2.16825,178.044,-6
P1159,13.6358,9.32233,178.92,-4
P1160,5.42445,15.5092,177.354,-10000
P1161,-2.80996,20.2903,173.157,2
P1162,29.5788,-1.5095,172.957,-2
P1163,20.7971,7.76004,176.378,-8
P1164,13.2627,14.9399,177.101,-2
P1165,5.12628,21.2032,175.367,-10000
P1166,-3.04149,26.257,171.299,3
P1167,34.8319,-5.87187,173.156,10
P1168,18.1996,10.0892,177.69,-1
P1169,9.92915,16.0582,175.727,-10000
P1170,1.65296,20.4525,171.183,3
P1171,32.1716,-9.48796,175.074,10
P1172,23.7464,0.017742,178.668,-3
P1173,16.4019,7.38823,179.342,-2
P1174,8.2064,13.5404,177.611,-10000
P1175,-0.169279,18.0061,173.349,4
P1176,29.3284,-7.1774,175.158,8
P1177,20.6877,2.19225,178.642,-5
P1178,13.2222,9.43192,179.347,-3
P1179,5.16032,15.6513,177.309,-1
P1180,-2.90576,20.281,172.633,4
P1181,30.2125,-4.65056,174.029,11
P1182,21.5388,4.66853,177.58,-6
P1183,14.1503,11.9801,178.339,-4
P1184,6.19404,18.3208,176.29,-3
P1185,-1.61994,23.1433,171.416,3
P1186,29.4502,-1.34772,174.009,-2
P1187,20.799,8.07156,177.388,-8
P1188,13.3426,15.3235,178.377,-10000
P1189,5.32875,21.8924,177.17,-10000
P1190,-2.87212,27.4456,173.852,2
P1191,29.9241,-2.56961,173.141,7
P1192,21.4745,7.18121,175.988,-4
P1193,14.2146,14.6769,176.477,-1
P1194,6.09281,21.0722,175.038,0
P1195,-2.28198,26.3982,171.755,5
P1196,31.2427,-2.07822,172.721,9
P1197,22.8175,7.67377,175.629,-3
P1198,15.6626,15.2573,175.947,-1
P1199,7.74196,21.6977,173.888,5
P1200,-0.449611,26.737,169.808,4
P1201,31.3746,-0.888996,172.454,10
P1202,22.85,8.66335,175.721,-2
P1203,15.5587,16.0853,176.226,0
P1204,7.52181,22.2995,174.041,6
P1205,-0.489707,27.0716,169.388,6
P1206,31.5366,0.52966,172.243,14
P1207,22.5725,9.55188,175.864,-3
P1208,14.9471,16.6028,176.77,-2
P1209,6.79203,22.8032,174.974,5
P1210,-1.23661,27.8429,170.643,5
P1211,31.5954,-4.74332,178.752,6
P1212,23.57,5.18729,182.079,-6
P1213,16.1779,12.4828,182.616,-3
P1214,7.33044,17.713,181.146,-10000
P1215,-1.88712,20.9448,177.547,2
P1216,29.0787,-9.0015,181.385,9
P1217,19.9023,-0.6974,186.01,-4
P1218,11.5094,5.22577,187.689,-2
P1219,2.63089,10.4247,186.35,-10000
P1220,-5.82985,14.6146,182,3
P1221,26.6396,-8.27278,178.008,12
P1222,16.8164,-0.613897,182.332,-5
P1223,7.87083,4.53456,183.683,-4
P1224,-1.04563,9.59541,182.012,-10000
P1225,-9.04318,14.5185,177.514,3
P1226,27.3226,-5.6832,175.881,12
P1227,17.6309,2.53157,179.447,-5
P1228,8.98757,8.30758,180.172,-3
P1229,0.201677,13.4783,178.112,-1
P1230,-8.0347,17.7934,173.407,4
P1231,27.7172,-4.02289,172.202,8
P1232,19.0925,4.7164,176.994,-3
P1233,11,11.0977,178.049,-1
P1234,2.31436,16.1231,175.599,0
P1235,-5.89286,19.2871,170.098,6
P1236,28.5556,0.0588347,170.631,7
P1237,21.1163,8.54483,177.362,-6
P1238,13.1568,14.6109,179.898,-2
P1239,4.22795,19.5138,178.478,-10000
P1240,-4.20942,22.6785,173.417,3
P1241,27.7224,-4.93552,171.083,9
P1242,21.6836,4.04693,178.455,-4
P1243,14.5361,11.0243,180.869,-1
P1244,5.90705,16.3015,179.255,-10000
P1245,-2.52821,18.9392,173.995,4
P1246,19.4639,0.386786,170.961,-4
P1247,13.4162,10.2767,177.059,-4
P1248,6.04528,17.2033,178.709,-10000
P1249,-2.37371,22.111,175.828,-10000
P1250,-9.6243,23.9203,168.884,2
P1251,23.8333,-0.628232,170.915,-1
P1252,19.3198,9.31284,178.083,-4
P1253,12.5574,16.5567,180.701,-64
P1254,4.11253,22.1102,179.138,-10000
P1255,-4.32545,24.8122,173.956,1
P1256,18.9027,-2.15967,168.38,2
P1257,16.1311,7.73352,176.425,-7
P1258,10.6777,15.7901,179.532,-2
P1259,2.77767,22.0177,178.283,-10000
P1260,-5.55432,24.6743,173.05,2
P1261,19.7662,-2.82736,166.237,5
P1262,17.297,6.95652,174.5,-4
P1263,12.1073,15.1675,177.625,-1
P1264,4.58163,21.8077,176.2,-10000
P1265,-3.33676,25.0473,170.66,4
P1266,21.3679,-1.17695,167.796,4
P1267,19.2136,9.03164,175.584,-6
P1268,13.8225,17.1847,178.516,-10000
P1269,6.12329,23.7393,177.168,-10000
P1270,-2.0748,27.2975,172.155,3
P1271,20.0463,-4.01426,167.052,7
P1272,19.2094,5.70821,175.652,-3
P1273,14.8298,14.2207,179.084,0
P1274,7.59819,21.2721,178.08,-4
P1275,-0.548043,25.0462,173.228,4
P1276,19.6773,-0.959253,165.172,5
P1277,18.1193,9.63498,172.494,-3
P1278,13.1868,18.2629,174.645,-10000
P1279,5.88676,24.9064,172.283,5
P1280,-1.74313,27.9441,166.238,5
P1281,22.7853,-3.21541,166.198,7
P1282,21.7567,6.46183,174.734,-3
P1283,16.8115,14.74,177.801,-10000
P1284,9.35186,21.3284,175.99,-3
P1285,1.56161,24.3641,170.182,3
P1286,20.1751,-5.90412,167.653,6
P1287,19.9158,4.14647,175.825,-3
P1288,15.6523,12.8816,178.669,-1
P1289,8.41412,19.7498,177.007,-5
P1290,0.401618,22.8316,171.565,3
P1291,18.1658,-3.26445,167.931,5
P1292,16.1979,7.34315,175.04,-4
P1293,10.8214,15.7882,176.507,1
P1294,3.15934,21.6366,173.407,3
P1295,-4.57055,23.4244,166.998,3
P1296,18.101,-0.575827,171.2,1
P1297,13.2694,10.1313,176.595,-6
P1298,6.23506,17.523,177.018,1
P1299,-1.48229,22.9004,172.997,7
P1300,-8.39186,25.2191,165.759,16
P1301,15.1675,-2.75808,166.301,3
P1302,11.3916,8.31714,171.533,-4
P1303,5.06536,16.2796,171.312,3
P1304,-2.03287,21.6916,166.463,8
P1305,-8.12058,23.2035,158.405,17
P1306,19.5286,-8.43412,169.367,7
P1307,17.2231,2.50087,175.459,-1
P1308,10.9479,10.4266,176.023,-141
P1309,3.17477,15.6704,172.157,6
P1310,-3.99405,16.5131,165.066,20
P1311,15.8741,-6.1812,168.939,5
P1312,12.9988,4.95325,174.375,-2
P1313,6.73798,12.9119,174.077,4
P1314,-0.789491,17.9892,169.462,10
P1315,-7.64416,19.1192,161.985,19
P1316,17.9402,-1.84563,167.441,4
P1317,14.1959,9.44145,171.821,-3
P1318,7.00648,16.582,171.152,4
P1319,-1.13559,20.7367,166.567,13
P1320,-7.9032,21.6044,158.962,18
P1321,16.9567,-6.20944,170.865,5
P1322,13.9284,4.98904,175.973,-2
P1323,7.07784,12.4134,175.665,4
P1324,-1.02958,16.5617,171.172,7
P1325,-7.99669,16.4602,163.788,19
P1326,15.4342,-3.83386,169.664,5
P1327,10.7043,7.40295,173.031,0
P1328,3.26709,14.07,171.222,7
P1329,-4.76594,17.2629,165.758,17
P1330,-11.5841,16.5865,158.151,21
P1331,20.1079,-2.30099,170.358,5
P1332,13.7736,8.49244,172.177,3
P1333,5.38867,13.8712,169.9,7
P1334,-3.21561,15.9859,164.672,18
P1335,-10.3115,14.7088,157.37,23
P1336,15.0933,-3.17651,172.121,2
P1337,8.02444,7.29085,173.027,0
P1338,-0.432741,12.1489,169.936,6
P1339,-8.84327,13.7989,164.175,16
P1340,-15.8365,12.4425,156.713,22
P1341,14.7746,-0.883615,171.046,1
P1342,7.0819,9.20498,170.471,0
P1343,-1.3063,13.5578,166.476,6
P1344,-9.46633,14.5859,160.208,17
P1345,-16.344,12.5232,152.772,22
P1346,15.4752,-0.540561,170.332,0
P1347,8.53183,9.89777,168.49,-1
P1348,0.760561,14.1975,163.386,8
P1349,-7.19925,14.821,156.801,17
P1350,-14.3239,12.0751,149.84,22
P1351,16.5025,0.769624,170.842,1
P1352,9.06927,11.0699,169.964,0
P1353,0.860986,15.42,165.675,6
P1354,-7.15889,16.0977,159.228,17
P1355,-13.7741,13.2354,151.868,23
P1356,18.2332,-3.18444,172.201,3
P1357,10.9869,7.22191,171.716,3
P1358,2.79901,11.809,167.628,9
P1359,-5.35305,12.6766,161.395,20
P1360,-12.0356,9.7653,154.17,25
P1361,13.0345,-2.59882,170.907,-1
P1362,5.05094,7.08551,168.917,0
P1363,-3.0549,10.7761,163.827,6
P1364,-10.6137,11.0379,156.77,18
P1365,-16.7345,8.15955,148.958,22
P1366,13.7053,-1.74539,169.769,0
P1367,6.04241,8.01619,167.004,1
P1368,-1.74729,11.7203,161.434,10
P1369,-9.32427,11.7675,154.396,19
P1370,-15.7039,8.38724,147.017,23
P1371,14.4961,-0.239956,169.452,-1
P1372,6.60062,9.36973,166.719,2
P1373,-1.35529,12.922,161.293,9
P1374,-8.8618,12.779,154.205,18
P1375,-14.826,9.20308,146.586,23
P1376,17.8847,-0.256657,171.473,1
P1377,9.28138,8.61673,168.424,5
P1378,0.982905,11.5419,163.067,15
P1379,-6.86501,11.0921,156.333,19
P1380,-13.0791,7.40551,148.969,25
P1381,16.5605,-2.62282,173.662,2
P1382,8.30932,6.71205,170.859,6
P1383,0.264204,10.1417,165.448,16
P1384,-7.426,10.0623,158.528,20
P1385,-13.8816,6.5791,151.266,26
P1386,-4.77765,1.41069,154.556,22
P1387,-9.16543,13.1364,153.77,22
P1388,-16.2088,18.4442,148.908,23
P1389,-23.3461,18.7878,141.656,-10000
P1390,-28.5823,14.6172,133.976,-10000
P1391,-5.71003,-3.05467,156.375,22
P1392,-8.47801,9.20955,156.686,22
P1393,-14.6507,15.8307,152.293,22
P1394,-21.7059,17.6346,145.22,-10000
P1395,-27.6457,14.34,137.668,-10000
P1396,-7.05658,-1.30674,154.865,24
P1397,-10.5232,10.7104,155.219,23
P1398,-17.2017,16.9601,150.982,24
P1399,-24.3852,18.5318,143.96,-10000
P1400,-30.0318,15.1914,136.238,-10000
P1401,0.618411,19.3968,161.264,13
P1402,-9.40848,24.4693,154.311,24
P1403,-17.3098,26.4519,147.802,-160
P1404,-24.4928,26.1814,140.239,-168
P1405,-30.8038,24.1413,132.141,58
P1406,-17.4545,26.8801,146.315,39
P1407,-25.6889,20.2551,138.367,-165
P1408,-31.54,14.6859,131.671,-17
P1409,-37.3267,9.86045,124.395,-33
P1410,-43.6278,6.74662,116.668,-191
